1  1
2  1001
3  2001
4  3001
5  4001
6  5001
7  6001
8  7001
9  8001
10 9001
11 10001
12 11001
13 12001
14 13001
15 14001
16 15001
17 16001
18 17001
19 18001
20 19001
21 20001
22 21001
23 22001
24 23001
25 24001
26 25001
27 26001
28 27001
29 28001
30 29001
31 30001
32 31001
33 32001
34 33001
35 34001
36 35001
37 36001
38 37001
39 38001
40 39001
41 40001
42 41001
43 42001
44 43001
45 44001
46 45001
47 46001
48 47001
49 48001
50 49001
51 50001
52 51001
53 52001
54 53001
55 54001
56 55001
57 56001
58 57001
59 58001
60 59001
61 60001
62 61001
63 62001
64 63001
65 64001
66 65001
67 66001
68 67001
69 68001
70 69001
71 70001
72 71001
73 72001
74 73001
75 74001
76 75001
77 76001
78 77001
79 78001
80 79001
